# SCH-B 4.abra masodik resze
appearance {
  +edge
  shading constant
}
LIST
{
  appearance {
    -face
  }
  BBOX
	-1 -1 -1
	1 1 1
}
# 1-es (sotet kek)
{
  OFF
  4 4 0
	0 0 0
	0 0 1
	0 1 1
	1 1 1

	3 0 1 2 0 0 0.5
	3 0 1 3 0 0 0.5
	3 0 2 3 0 0 0.5
	3 1 2 3 0 0 0.5
}
# 2-es (sotet zold)
{
  OFF
  4 4 0
	0 0 0
	0 0 1
	0 1 1
	-1 1 1

	3 0 1 2 0 0.5 0
	3 0 1 3 0 0.5 0
	3 0 2 3 0 0.5 0
	3 1 2 3 0 0.5 0
}
# 4'-es (vilagoskek)
{
  OFF
  4 4 0
	0 0 0
	0 0 1
	-1 0 1
	-1 1 1

	3 0 1 2 0 0.5 1
	3 0 1 3 0 0.5 1
	3 0 2 3 0 0.5 1
	3 1 2 3 0 0.5 1
}
# 3'-as (vilagoszold)
{
  OFF
  4 4 0
	0 0 0
	0 0 1
	-1 0 1
	-1 -1 1

	3 0 1 2 
	3 0 1 3 0 1 0.5
	3 0 2 3 0 1 0.5
	3 1 2 3 0 1 0.5
}
# 1'-es (lila)
{
  OFF
  4 4 0
	0 0 0
	0 0 1
	0 -1 1
	-1 -1 1

	3 0 1 2 0.5 0 0.5
	3 0 1 3 0.5 0 0.5
	3 0 2 3 0.5 0 0.5
	3 1 2 3 0.5 0 0.5
}
# 2'-es (cian)
{
  OFF
  4 4 0
	0 0 0
	0 0 1
	0 -1 1
	1 -1 1

	3 0 1 2 0 0.5 0.5
	3 0 1 3 0 0.5 0.5
	3 0 2 3 0 0.5 0.5
	3 1 2 3 0 0.5 0.5
}
# 4-es (piros)
{
  OFF
  4 4 0
	0 0 0
	0 0 1
	1 0 1
	1 -1 1

	3 0 1 2 0.5 0 0
	3 0 1 3 0.5 0 0
	3 0 2 3 0.5 0 0
	3 1 2 3 0.5 0 0
}
# 3-as (mustar)
{
  OFF
  4 4 0
	0 0 0
	0 0 1
	1 0 1
	1 1 1

	3 0 1 2 0.5 0.5 0
	3 0 1 3 0.5 0.5 0
	3 0 2 3 0.5 0.5 0
	3 1 2 3 0.5 0.5 0
}
