# SCH-B 3. abra utolso resze
appearance {
  +edge
  shading constant
}
LIST
{
  appearance {
    -face
  }
  BBOX
	-1 -1 -1
	1 1 1
}
{
  OFF
  4 4 0
	0 0 0
	0 1 0
	0 1 1
	1 1 1

	3 0 1 2 0.3 0.3 0.3
	3 0 1 3 0.3 0.3 0.3
	3 0 2 3 0.3 0.3 0.3
	3 1 2 3 0.3 0.3 0.3
}
{
  OFF
  4 4 0
	0 0 0
	0 1 0
	0 1 1
	-1 1 1

	3 0 1 2 0.3 0.3 0.6
	3 0 1 3 0.3 0.3 0.6
	3 0 2 3 0.3 0.3 0.6
	3 1 2 3 0.3 0.3 0.6
}

{
  OFF
  4 4 0
	0 0 0
	0 0 1
	0 1 1
	1 1 1

	3 0 1 2 0.3 0.3 0.9
	3 0 1 3 0.3 0.3 0.9
	3 0 2 3 0.3 0.3 0.9
	3 1 2 3 0.3 0.3 0.9
}
{
  OFF
  4 4 0
	0 0 0
	0 0 1
	0 1 1
	-1 1 1

	3 0 1 2 0.3 0.6 0.3
	3 0 1 3 0.3 0.6 0.3
	3 0 2 3 0.3 0.6 0.3
	3 1 2 3 0.3 0.6 0.3
}

{
  appearance {
    -face
  }
  BBOX
	-1 -1 3
	1 1 1
}
{
  OFF
  4 4 0
	0 0 2
	0 0 1
	0 1 1
	1 1 1

	3 0 1 2 0.3 0.6 0.6
	3 0 1 3 0.3 0.6 0.6
	3 0 2 3 0.3 0.6 0.6
	3 1 2 3 0.3 0.6 0.6
}
{
  OFF
  4 4 0
	0 0 2
	0 0 1
	0 1 1
	-1 1 1

	3 0 1 2 0.3 0.6 0.9
	3 0 1 3 0.3 0.6 0.9
	3 0 2 3 0.3 0.6 0.9
	3 1 2 3 0.3 0.6 0.9
}
{
  OFF
  4 4 0
	0 0 2
	0 1 2
	0 1 1
	1 1 1

	3 0 1 2 0.3 0.9 0.3
	3 0 1 3 0.3 0.9 0.3
	3 0 2 3 0.3 0.9 0.3
	3 1 2 3 0.3 0.9 0.3
}
{
  OFF
  4 4 0
	0 0 2
	0 1 2
	0 1 1
	-1 1 1

	3 0 1 2 0.3 0.9 0.6
	3 0 1 3 0.3 0.9 0.6
	3 0 2 3 0.3 0.9 0.6
	3 1 2 3 0.3 0.9 0.6
}
{
  appearance {
    -face
  }
  BBOX
	-1 3 3
	1 1 1
}
{
  OFF
  4 4 0
	0 2 2
	0 1 2
	0 1 1
	1 1 1

	3 0 1 2 0.3 0.9 0.9
	3 0 1 3 0.3 0.9 0.9
	3 0 2 3 0.3 0.9 0.9
	3 1 2 3 0.3 0.9 0.9
}
{
  OFF
  4 4 0
	0 2 2
	0 1 2
	0 1 1
	-1 1 1

	3 0 1 2 0.6 0.3 0.3
	3 0 1 3 0.6 0.3 0.3
	3 0 2 3 0.6 0.3 0.3
	3 1 2 3 0.6 0.3 0.3
}

{
  OFF
  4 4 0
	0 2 2
	0 2 1
	0 1 1
	1 1 1

	3 0 1 2 0.6 0.3 0.6
	3 0 1 3 0.6 0.3 0.6
	3 0 2 3 0.6 0.3 0.6
	3 1 2 3 0.6 0.3 0.6
}
{
  OFF
  4 4 0
	0 2 2
	0 2 1
	0 1 1
	-1 1 1

	3 0 1 2 0.6 0.3 0.9
	3 0 1 3 0.6 0.3 0.9
	3 0 2 3 0.6 0.3 0.9
	3 1 2 3 0.6 0.3 0.9
}
{
  appearance {
    -face
  }
  BBOX
	-1 3 -1
	1 1 1
}
{
  OFF
  4 4 0
	0 2 0
	0 2 1
	0 1 1
	1 1 1

	3 0 1 2 0.6 0.6 0.3
	3 0 1 3 0.6 0.6 0.3
	3 0 2 3 0.6 0.6 0.3
	3 1 2 3 0.6 0.6 0.3
}
{
  OFF
  4 4 0
	0 2 0
	0 2 1
	0 1 1
	-1 1 1

	3 0 1 2 0.6 0.6 0.6
	3 0 1 3 0.6 0.6 0.6
	3 0 2 3 0.6 0.6 0.6
	3 1 2 3 0.6 0.6 0.6
}

{
  OFF
  4 4 0
	0 2 0
	0 1 0
	0 1 1
	1 1 1

	3 0 1 2 0.6 0.6 0.9
	3 0 1 3 0.6 0.6 0.9
	3 0 2 3 0.6 0.6 0.9
	3 1 2 3 0.6 0.6 0.9
}
{
  OFF
  4 4 0
	0 2 0
	0 1 0
	0 1 1
	-1 1 1

	3 0 1 2 0.9 0.3 0.3
	3 0 1 3 0.9 0.3 0.3
	3 0 2 3 0.9 0.3 0.3
	3 1 2 3 0.9 0.3 0.3
}

