LIST 
{ 
  appearance { 
    -face 
    +edge 
  } 
  BBOX 
    0 0 1 
    2 2 -1
} 

#1
LIST
{
  appearance {
    +edge
    shading constant
    +transparent
    material {
      alpha 0.3
    }
  }
  OFF
    4 4 0
    0 0 0
    0 0 1
    0 1 0
    1 1 0

    3 0 1 2 0.5 0 0
    3 0 1 3 0.5 0 0
    3 0 2 3 0.5 0 0
    3 1 2 3 0.5 0 0
}

#2
{
  appearance {
    +edge
    shading constant
    +transparent
    material {
      alpha 0.3
    }
  }
  OFF
    4 4 0
    0 0 0
    0 0 1
    1 0 0
    1 1 0

    3 0 1 2 0 0 0.5
    3 0 1 3 0 0 0.5
    3 0 2 3 0 0 0.5
    3 1 2 3 0 0 0.5
}

#3
{
  appearance {
    +edge
      shading constant
      +transparent
      material {
	alpha 0.3
      }
  }
  OFF
    4 4 0
    1 0 1
    0 0 1
    1 0 0
    1 1 0

    3 0 1 2 0 0.5 0
    3 0 1 3 0 0.5 0
    3 0 2 3 0 0.5 0
    3 1 2 3 0 0.5 0
}

#cylinder
{
  INST
    transform {
      0.5 0 0 0
	0 1 0 0
	0 0 1 0
	0 0.5 0 1
    }
  geom {
    appearance {
      -edge
	shading constant
	+transparent
	material {
	  alpha 0.3
	  diffuse 0 1 1
	}
    }
    uMESH
    41 2
    0 1 2 0.156355812275248 0.987700794759095 2 0.308865520098932 0.951105719935495 2 0.453777627075545 0.891114956201324 2 0.587527525713892 0.809204180988032 2 0.706825181105366 0.7073882691672 2 0.80873606055313 0.588171730331375 2 0.890753318411966 0.454487101839062 2 0.95085946050647 0.309622813057024 2 0.987575971280923 0.157142295224876 2 1 0.000796326710733263 2 0.987824991900309 -0.155569230174718 2 0.951351376233829 -0.308108031277992 2 0.891476028902313 -0.453067864555148 2 0.809671788277164 -0.586882948523859 2 0.707950908648432 -0.706261644820005 2 0.588815561967795 -0.80826742726931 2 0.455196288395797 -0.890391115763568 2 0.310379909672042 -0.950612598102916 2 0.157928678524867 -0.987450521544948 2 0.00159265291648683 -1 2 -0.154782549422087 -0.987948562625808 2 -0.307350347074556 -0.951596429245691 2 -0.452357814727958 -0.891836536285964 2 -0.586237999170027 -0.810138882123999 2 -0.705697660668477 -0.708513099192273 2 -0.807798281433749 -0.589459020214876 2 -0.890028348485814 -0.455905186296027 2 -0.950365132881376 -0.311136809463882 2 -0.987324445630722 -0.158714961676544 2 -1 -0.00238897811228154 2 -0.988071506857229 0.153995770516219 2 -0.951840878815686 0.306592467969099 2 -0.892196478123667 0.451647478044244 2 -0.810605462232336 0.585592678061381 2 -0.709074840442217 0.705133229008423 2 -0.590102104664575 0.807328623343951 2 -0.456613795090215 0.889665016808749 2 -0.311893511952568 0.950117064998779 2 -0.159501144181298 0.987197743618196 2 -0.00318530179313799 1 2 
    0 1 -1 0.156355812275248 0.987700794759095 -1 0.308865520098932 0.951105719935495 -1 0.453777627075545 0.891114956201324 -1 0.587527525713892 0.809204180988032 -1 0.706825181105366 0.7073882691672 -1 0.80873606055313 0.588171730331375 -1 0.890753318411966 0.454487101839062 -1 0.95085946050647 0.309622813057024 -1 0.987575971280923 0.157142295224876 -1 1 0.000796326710733263 -1 0.987824991900309 -0.155569230174718 -1 0.951351376233829 -0.308108031277992 -1 0.891476028902313 -0.453067864555148 -1 0.809671788277164 -0.586882948523859 -1 0.707950908648432 -0.706261644820005 -1 0.588815561967795 -0.80826742726931 -1 0.455196288395797 -0.890391115763568 -1 0.310379909672042 -0.950612598102916 -1 0.157928678524867 -0.987450521544948 -1 0.00159265291648683 -1 -1 -0.154782549422087 -0.987948562625808 -1 -0.307350347074556 -0.951596429245691 -1 -0.452357814727958 -0.891836536285964 -1 -0.586237999170027 -0.810138882123999 -1 -0.705697660668477 -0.708513099192273 -1 -0.807798281433749 -0.589459020214876 -1 -0.890028348485814 -0.455905186296027 -1 -0.950365132881376 -0.311136809463882 -1 -0.987324445630722 -0.158714961676544 -1 -1 -0.00238897811228154 -1 -0.988071506857229 0.153995770516219 -1 -0.951840878815686 0.306592467969099 -1 -0.892196478123667 0.451647478044244 -1 -0.810605462232336 0.585592678061381 -1 -0.709074840442217 0.705133229008423 -1 -0.590102104664575 0.807328623343951 -1 -0.456613795090215 0.889665016808749 -1 -0.311893511952568 0.950117064998779 -1 -0.159501144181298 0.987197743618196 -1 -0.00318530179313799 1 -1 
  }
}
