LIST
{
  appearance {
    -face
    +edge
  }
  BBOX
	-1 -1 -2
	1 1 2
}
# 1-es szimplex (sotet piros)
{
  appearance {
    +edge
    shading constant
    +transparent
    material {
      alpha 0.3
    }
  }
  OFF
  4 4 0
	0 0 0
	0 0 2
	0 1 2
	1 1 2

	3 0 1 2 0.5 0 0
	3 0 1 3 0.5 0 0
	3 0 2 3 0.5 0 0
	3 1 2 3 0.5 0 0
}
# 2-es szimplex (sotet kek)
{
  appearance {
    +edge
    shading constant
    +transparent
    material {
      alpha 0.3
    }
  }
  OFF
  4 4 0
	0 0 0
	0 1 0
	0 1 2
	1 1 2

	3 0 1 2 0 0 0.5
	3 0 1 3 0 0 0.5
	3 0 2 3 0 0 0.5
	3 1 2 3 0 0 0.5
}
# 3-as szimplex (sotet zold)
{
  appearance {
    +edge
    shading constant
    +transparent
    material {
      alpha 0.3
    }
  }
  OFF
  4 4 0
	0 0 0
	0 1 0
	1 1 0
	1 1 2

	3 0 1 2 0 0.5 0
	3 0 1 3 0 0.5 0
	3 0 2 3 0 0.5 0
	3 1 2 3 0 0.5 0
}

#cylinder
{
  INST
    transform {
        0.3 0 0 0
	0 0 0.3 0
	0 1 0 0
	0 0.5 0 1
    }
  geom {
    appearance {
      -edge
	shading constant
	+transparent
	material {
	  alpha 0.3
	  diffuse 0 1 1
	}
    }
    uMESH
      41 41
      0 1 -1 0.156438455616414 0.987687708541699 -1 0.309024679511157 0.951054019208702 -1 0.454001299562 0.891001021321533 -1 0.587798326967534 0.80 -1 0.707121065732415 0.707092496352107 -1 0.809031243182091 0.587765639992029 -1 0.891019363701908 0.453965299894438 -1 0.9510665041 0.308986253628336 -1 0.987694028350545 0.156398549739672 -1 1 -4.04032050922917e-05 -1 0.987681387120532 -0.156478361237783 -1 0.951041532844938 -0.30906310488952 -1 0.890982677486671 -0.454037298488442 -1 0.808983745309376 -0.587831012983505 -1 0.707063925817527 -0.707149633958405 -1 0.587732952057045 -0.809054990137451 -1 0.453929299485815 -0.891037704627766 -1 0.30894782724112 -0.951078987278654 -1 0.156358643607622 -0.987700346547061 -1 -8.08064101186284e-05 -1 -1 -0.156518266603714 -0.987675064087055 -1 -0.309101529763363 -0.951029044928676 -1 -0.454073296673705 -0.890964332197352 -1 -0.58786369803989 -0.808959994392099 -1 -0.7071782010 -0.707035354128723 -1 -0.809078735772094 -0.587700263162635 -1 -0.891056044099077 -0.453893298336188 -1 -0.951091468984802 -0.308909400349572 -1 -0.987706663131236 -0.156318737220331 -1 -1 0 -1 -0.987668739441279 0.156558171714142 -1 -0.951016555459935 0.309139954132622 -1 -0.890945985453606 0.454109294117729 -1 -0.80893624215426 0.587896382136635 -1 -0.70 0.707206766947246 -1 -0.587667573308851 0.809102480085982 -1 -0.453857296445618 0.891074382115811 -1 -0.308870972953754 0.951103949138369 -1 -0.156278830577859 0.98771297810306 -1 0 1 -1
      0 1 -0.95 0.156438455616414 0.987687708541699 -0.95 0.309024679511157 0.951054019208702 -0.95 0.454001299562 0.891001021321533 -0.95 0.587798326967534 0.80 -0.95 0.707121065732415 0.707092496352107 -0.95 0.809031243182091 0.587765639992029 -0.95 0.891019363701908 0.453965299894438 -0.95 0.9510665041 0.308986253628336 -0.95 0.987694028350545 0.156398549739672 -0.95 1 -4.04032050922917e-05 -0.95 0.987681387120532 -0.156478361237783 -0.95 0.951041532844938 -0.30906310488952 -0.95 0.890982677486671 -0.454037298488442 -0.95 0.808983745309376 -0.587831012983505 -0.95 0.707063925817527 -0.707149633958405 -0.95 0.587732952057045 -0.809054990137451 -0.95 0.453929299485815 -0.891037704627766 -0.95 0.30894782724112 -0.951078987278654 -0.95 0.156358643607622 -0.987700346547061 -0.95 -8.08064101186284e-05 -1 -0.95 -0.156518266603714 -0.987675064087055 -0.95 -0.309101529763363 -0.951029044928676 -0.95 -0.454073296673705 -0.890964332197352 -0.95 -0.58786369803989 -0.808959994392099 -0.95 -0.7071782010 -0.707035354128723 -0.95 -0.809078735772094 -0.587700263162635 -0.95 -0.891056044099077 -0.453893298336188 -0.95 -0.951091468984802 -0.308909400349572 -0.95 -0.987706663131236 -0.156318737220331 -0.95 -1 0 -0.95 -0.987668739441279 0.156558171714142 -0.95 -0.951016555459935 0.309139954132622 -0.95 -0.890945985453606 0.454109294117729 -0.95 -0.80893624215426 0.587896382136635 -0.95 -0.70 0.707206766947246 -0.95 -0.587667573308851 0.809102480085982 -0.95 -0.453857296445618 0.891074382115811 -0.95 -0.308870972953754 0.951103949138369 -0.95 -0.156278830577859 0.98771297810306 -0.95 0 1 -0.95
      0 1 -0.9 0.156438455616414 0.987687708541699 -0.9 0.309024679511157 0.951054019208702 -0.9 0.454001299562 0.891001021321533 -0.9 0.587798326967534 0.80 -0.9 0.707121065732415 0.707092496352107 -0.9 0.809031243182091 0.587765639992029 -0.9 0.891019363701908 0.453965299894438 -0.9 0.9510665041 0.308986253628336 -0.9 0.987694028350545 0.156398549739672 -0.9 1 -4.04032050922917e-05 -0.9 0.987681387120532 -0.156478361237783 -0.9 0.951041532844938 -0.30906310488952 -0.9 0.890982677486671 -0.454037298488442 -0.9 0.808983745309376 -0.587831012983505 -0.9 0.707063925817527 -0.707149633958405 -0.9 0.587732952057045 -0.809054990137451 -0.9 0.453929299485815 -0.891037704627766 -0.9 0.30894782724112 -0.951078987278654 -0.9 0.156358643607622 -0.987700346547061 -0.9 -8.08064101186284e-05 -1 -0.9 -0.156518266603714 -0.987675064087055 -0.9 -0.309101529763363 -0.951029044928676 -0.9 -0.454073296673705 -0.890964332197352 -0.9 -0.58786369803989 -0.808959994392099 -0.9 -0.7071782010 -0.707035354128723 -0.9 -0.809078735772094 -0.587700263162635 -0.9 -0.891056044099077 -0.453893298336188 -0.9 -0.951091468984802 -0.308909400349572 -0.9 -0.987706663131236 -0.156318737220331 -0.9 -1 0 -0.9 -0.987668739441279 0.156558171714142 -0.9 -0.951016555459935 0.309139954132622 -0.9 -0.890945985453606 0.454109294117729 -0.9 -0.80893624215426 0.587896382136635 -0.9 -0.70 0.707206766947246 -0.9 -0.587667573308851 0.809102480085982 -0.9 -0.453857296445618 0.891074382115811 -0.9 -0.308870972953754 0.951103949138369 -0.9 -0.156278830577859 0.98771297810306 -0.9 0 1 -0.9
      0 1 -0.85 0.156438455616414 0.987687708541699 -0.85 0.309024679511157 0.951054019208702 -0.85 0.454001299562 0.891001021321533 -0.85 0.587798326967534 0.80 -0.85 0.707121065732415 0.707092496352107 -0.85 0.809031243182091 0.587765639992029 -0.85 0.891019363701908 0.453965299894438 -0.85 0.9510665041 0.308986253628336 -0.85 0.987694028350545 0.156398549739672 -0.85 1 -4.04032050922917e-05 -0.85 0.987681387120532 -0.156478361237783 -0.85 0.951041532844938 -0.30906310488952 -0.85 0.890982677486671 -0.454037298488442 -0.85 0.808983745309376 -0.587831012983505 -0.85 0.707063925817527 -0.707149633958405 -0.85 0.587732952057045 -0.809054990137451 -0.85 0.453929299485815 -0.891037704627766 -0.85 0.30894782724112 -0.951078987278654 -0.85 0.156358643607622 -0.987700346547061 -0.85 -8.08064101186284e-05 -1 -0.85 -0.156518266603714 -0.987675064087055 -0.85 -0.309101529763363 -0.951029044928676 -0.85 -0.454073296673705 -0.890964332197352 -0.85 -0.58786369803989 -0.808959994392099 -0.85 -0.7071782010 -0.707035354128723 -0.85 -0.809078735772094 -0.587700263162635 -0.85 -0.891056044099077 -0.453893298336188 -0.85 -0.951091468984802 -0.308909400349572 -0.85 -0.987706663131236 -0.156318737220331 -0.85 -1 0 -0.85 -0.987668739441279 0.156558171714142 -0.85 -0.951016555459935 0.309139954132622 -0.85 -0.890945985453606 0.454109294117729 -0.85 -0.80893624215426 0.587896382136635 -0.85 -0.70 0.707206766947246 -0.85 -0.587667573308851 0.809102480085982 -0.85 -0.453857296445618 0.891074382115811 -0.85 -0.308870972953754 0.951103949138369 -0.85 -0.156278830577859 0.98771297810306 -0.85 0 1 -0.85
      0 1 -0.8 0.156438455616414 0.987687708541699 -0.8 0.309024679511157 0.951054019208702 -0.8 0.454001299562 0.891001021321533 -0.8 0.587798326967534 0.80 -0.8 0.707121065732415 0.707092496352107 -0.8 0.809031243182091 0.587765639992029 -0.8 0.891019363701908 0.453965299894438 -0.8 0.9510665041 0.308986253628336 -0.8 0.987694028350545 0.156398549739672 -0.8 1 -4.04032050922917e-05 -0.8 0.987681387120532 -0.156478361237783 -0.8 0.951041532844938 -0.30906310488952 -0.8 0.890982677486671 -0.454037298488442 -0.8 0.808983745309376 -0.587831012983505 -0.8 0.707063925817527 -0.707149633958405 -0.8 0.587732952057045 -0.809054990137451 -0.8 0.453929299485815 -0.891037704627766 -0.8 0.30894782724112 -0.951078987278654 -0.8 0.156358643607622 -0.987700346547061 -0.8 -8.08064101186284e-05 -1 -0.8 -0.156518266603714 -0.987675064087055 -0.8 -0.309101529763363 -0.951029044928676 -0.8 -0.454073296673705 -0.890964332197352 -0.8 -0.58786369803989 -0.808959994392099 -0.8 -0.7071782010 -0.707035354128723 -0.8 -0.809078735772094 -0.587700263162635 -0.8 -0.891056044099077 -0.453893298336188 -0.8 -0.951091468984802 -0.308909400349572 -0.8 -0.987706663131236 -0.156318737220331 -0.8 -1 0 -0.8 -0.987668739441279 0.156558171714142 -0.8 -0.951016555459935 0.309139954132622 -0.8 -0.890945985453606 0.454109294117729 -0.8 -0.80893624215426 0.587896382136635 -0.8 -0.70 0.707206766947246 -0.8 -0.587667573308851 0.809102480085982 -0.8 -0.453857296445618 0.891074382115811 -0.8 -0.308870972953754 0.951103949138369 -0.8 -0.156278830577859 0.98771297810306 -0.8 0 1 -0.8
      0 1 -0.75 0.156438455616414 0.987687708541699 -0.75 0.309024679511157 0.951054019208702 -0.75 0.454001299562 0.891001021321533 -0.75 0.587798326967534 0.80 -0.75 0.707121065732415 0.707092496352107 -0.75 0.809031243182091 0.587765639992029 -0.75 0.891019363701908 0.453965299894438 -0.75 0.9510665041 0.308986253628336 -0.75 0.987694028350545 0.156398549739672 -0.75 1 -4.04032050922917e-05 -0.75 0.987681387120532 -0.156478361237783 -0.75 0.951041532844938 -0.30906310488952 -0.75 0.890982677486671 -0.454037298488442 -0.75 0.808983745309376 -0.587831012983505 -0.75 0.707063925817527 -0.707149633958405 -0.75 0.587732952057045 -0.809054990137451 -0.75 0.453929299485815 -0.891037704627766 -0.75 0.30894782724112 -0.951078987278654 -0.75 0.156358643607622 -0.987700346547061 -0.75 -8.08064101186284e-05 -1 -0.75 -0.156518266603714 -0.987675064087055 -0.75 -0.309101529763363 -0.951029044928676 -0.75 -0.454073296673705 -0.890964332197352 -0.75 -0.58786369803989 -0.808959994392099 -0.75 -0.7071782010 -0.707035354128723 -0.75 -0.809078735772094 -0.587700263162635 -0.75 -0.891056044099077 -0.453893298336188 -0.75 -0.951091468984802 -0.308909400349572 -0.75 -0.987706663131236 -0.156318737220331 -0.75 -1 0 -0.75 -0.987668739441279 0.156558171714142 -0.75 -0.951016555459935 0.309139954132622 -0.75 -0.890945985453606 0.454109294117729 -0.75 -0.80893624215426 0.587896382136635 -0.75 -0.70 0.707206766947246 -0.75 -0.587667573308851 0.809102480085982 -0.75 -0.453857296445618 0.891074382115811 -0.75 -0.308870972953754 0.951103949138369 -0.75 -0.156278830577859 0.98771297810306 -0.75 0 1 -0.75
      0 1 -0.7 0.156438455616414 0.987687708541699 -0.7 0.309024679511157 0.951054019208702 -0.7 0.454001299562 0.891001021321533 -0.7 0.587798326967534 0.80 -0.7 0.707121065732415 0.707092496352107 -0.7 0.809031243182091 0.587765639992029 -0.7 0.891019363701908 0.453965299894438 -0.7 0.9510665041 0.308986253628336 -0.7 0.987694028350545 0.156398549739672 -0.7 1 -4.04032050922917e-05 -0.7 0.987681387120532 -0.156478361237783 -0.7 0.951041532844938 -0.30906310488952 -0.7 0.890982677486671 -0.454037298488442 -0.7 0.808983745309376 -0.587831012983505 -0.7 0.707063925817527 -0.707149633958405 -0.7 0.587732952057045 -0.809054990137451 -0.7 0.453929299485815 -0.891037704627766 -0.7 0.30894782724112 -0.951078987278654 -0.7 0.156358643607622 -0.987700346547061 -0.7 -8.08064101186284e-05 -1 -0.7 -0.156518266603714 -0.987675064087055 -0.7 -0.309101529763363 -0.951029044928676 -0.7 -0.454073296673705 -0.890964332197352 -0.7 -0.58786369803989 -0.808959994392099 -0.7 -0.7071782010 -0.707035354128723 -0.7 -0.809078735772094 -0.587700263162635 -0.7 -0.891056044099077 -0.453893298336188 -0.7 -0.951091468984802 -0.308909400349572 -0.7 -0.987706663131236 -0.156318737220331 -0.7 -1 0 -0.7 -0.987668739441279 0.156558171714142 -0.7 -0.951016555459935 0.309139954132622 -0.7 -0.890945985453606 0.454109294117729 -0.7 -0.80893624215426 0.587896382136635 -0.7 -0.70 0.707206766947246 -0.7 -0.587667573308851 0.809102480085982 -0.7 -0.453857296445618 0.891074382115811 -0.7 -0.308870972953754 0.951103949138369 -0.7 -0.156278830577859 0.98771297810306 -0.7 0 1 -0.7
      0 1 -0.65 0.156438455616414 0.987687708541699 -0.65 0.309024679511157 0.951054019208702 -0.65 0.454001299562 0.891001021321533 -0.65 0.587798326967534 0.80 -0.65 0.707121065732415 0.707092496352107 -0.65 0.809031243182091 0.587765639992029 -0.65 0.891019363701908 0.453965299894438 -0.65 0.9510665041 0.308986253628336 -0.65 0.987694028350545 0.156398549739672 -0.65 1 -4.04032050922917e-05 -0.65 0.987681387120532 -0.156478361237783 -0.65 0.951041532844938 -0.30906310488952 -0.65 0.890982677486671 -0.454037298488442 -0.65 0.808983745309376 -0.587831012983505 -0.65 0.707063925817527 -0.707149633958405 -0.65 0.587732952057045 -0.809054990137451 -0.65 0.453929299485815 -0.891037704627766 -0.65 0.30894782724112 -0.951078987278654 -0.65 0.156358643607622 -0.987700346547061 -0.65 -8.08064101186284e-05 -1 -0.65 -0.156518266603714 -0.987675064087055 -0.65 -0.309101529763363 -0.951029044928676 -0.65 -0.454073296673705 -0.890964332197352 -0.65 -0.58786369803989 -0.808959994392099 -0.65 -0.7071782010 -0.707035354128723 -0.65 -0.809078735772094 -0.587700263162635 -0.65 -0.891056044099077 -0.453893298336188 -0.65 -0.951091468984802 -0.308909400349572 -0.65 -0.987706663131236 -0.156318737220331 -0.65 -1 0 -0.65 -0.987668739441279 0.156558171714142 -0.65 -0.951016555459935 0.309139954132622 -0.65 -0.890945985453606 0.454109294117729 -0.65 -0.80893624215426 0.587896382136635 -0.65 -0.70 0.707206766947246 -0.65 -0.587667573308851 0.809102480085982 -0.65 -0.453857296445618 0.891074382115811 -0.65 -0.308870972953754 0.951103949138369 -0.65 -0.156278830577859 0.98771297810306 -0.65 0 1 -0.65
      0 1 -0.6 0.156438455616414 0.987687708541699 -0.6 0.309024679511157 0.951054019208702 -0.6 0.454001299562 0.891001021321533 -0.6 0.587798326967534 0.80 -0.6 0.707121065732415 0.707092496352107 -0.6 0.809031243182091 0.587765639992029 -0.6 0.891019363701908 0.453965299894438 -0.6 0.9510665041 0.308986253628336 -0.6 0.987694028350545 0.156398549739672 -0.6 1 -4.04032050922917e-05 -0.6 0.987681387120532 -0.156478361237783 -0.6 0.951041532844938 -0.30906310488952 -0.6 0.890982677486671 -0.454037298488442 -0.6 0.808983745309376 -0.587831012983505 -0.6 0.707063925817527 -0.707149633958405 -0.6 0.587732952057045 -0.809054990137451 -0.6 0.453929299485815 -0.891037704627766 -0.6 0.30894782724112 -0.951078987278654 -0.6 0.156358643607622 -0.987700346547061 -0.6 -8.08064101186284e-05 -1 -0.6 -0.156518266603714 -0.987675064087055 -0.6 -0.309101529763363 -0.951029044928676 -0.6 -0.454073296673705 -0.890964332197352 -0.6 -0.58786369803989 -0.808959994392099 -0.6 -0.7071782010 -0.707035354128723 -0.6 -0.809078735772094 -0.587700263162635 -0.6 -0.891056044099077 -0.453893298336188 -0.6 -0.951091468984802 -0.308909400349572 -0.6 -0.987706663131236 -0.156318737220331 -0.6 -1 0 -0.6 -0.987668739441279 0.156558171714142 -0.6 -0.951016555459935 0.309139954132622 -0.6 -0.890945985453606 0.454109294117729 -0.6 -0.80893624215426 0.587896382136635 -0.6 -0.70 0.707206766947246 -0.6 -0.587667573308851 0.809102480085982 -0.6 -0.453857296445618 0.891074382115811 -0.6 -0.308870972953754 0.951103949138369 -0.6 -0.156278830577859 0.98771297810306 -0.6 0 1 -0.6
      0 1 -0.55 0.156438455616414 0.987687708541699 -0.55 0.309024679511157 0.951054019208702 -0.55 0.454001299562 0.891001021321533 -0.55 0.587798326967534 0.80 -0.55 0.707121065732415 0.707092496352107 -0.55 0.809031243182091 0.587765639992029 -0.55 0.891019363701908 0.453965299894438 -0.55 0.9510665041 0.308986253628336 -0.55 0.987694028350545 0.156398549739672 -0.55 1 -4.04032050922917e-05 -0.55 0.987681387120532 -0.156478361237783 -0.55 0.951041532844938 -0.30906310488952 -0.55 0.890982677486671 -0.454037298488442 -0.55 0.808983745309376 -0.587831012983505 -0.55 0.707063925817527 -0.707149633958405 -0.55 0.587732952057045 -0.809054990137451 -0.55 0.453929299485815 -0.891037704627766 -0.55 0.30894782724112 -0.951078987278654 -0.55 0.156358643607622 -0.987700346547061 -0.55 -8.08064101186284e-05 -1 -0.55 -0.156518266603714 -0.987675064087055 -0.55 -0.309101529763363 -0.951029044928676 -0.55 -0.454073296673705 -0.890964332197352 -0.55 -0.58786369803989 -0.808959994392099 -0.55 -0.7071782010 -0.707035354128723 -0.55 -0.809078735772094 -0.587700263162635 -0.55 -0.891056044099077 -0.453893298336188 -0.55 -0.951091468984802 -0.308909400349572 -0.55 -0.987706663131236 -0.156318737220331 -0.55 -1 0 -0.55 -0.987668739441279 0.156558171714142 -0.55 -0.951016555459935 0.309139954132622 -0.55 -0.890945985453606 0.454109294117729 -0.55 -0.80893624215426 0.587896382136635 -0.55 -0.70 0.707206766947246 -0.55 -0.587667573308851 0.809102480085982 -0.55 -0.453857296445618 0.891074382115811 -0.55 -0.308870972953754 0.951103949138369 -0.55 -0.156278830577859 0.98771297810306 -0.55 0 1 -0.55
      0 1 -0.5 0.156438455616414 0.987687708541699 -0.5 0.309024679511157 0.951054019208702 -0.5 0.454001299562 0.891001021321533 -0.5 0.587798326967534 0.80 -0.5 0.707121065732415 0.707092496352107 -0.5 0.809031243182091 0.587765639992029 -0.5 0.891019363701908 0.453965299894438 -0.5 0.9510665041 0.308986253628336 -0.5 0.987694028350545 0.156398549739672 -0.5 1 -4.04032050922917e-05 -0.5 0.987681387120532 -0.156478361237783 -0.5 0.951041532844938 -0.30906310488952 -0.5 0.890982677486671 -0.454037298488442 -0.5 0.808983745309376 -0.587831012983505 -0.5 0.707063925817527 -0.707149633958405 -0.5 0.587732952057045 -0.809054990137451 -0.5 0.453929299485815 -0.891037704627766 -0.5 0.30894782724112 -0.951078987278654 -0.5 0.156358643607622 -0.987700346547061 -0.5 -8.08064101186284e-05 -1 -0.5 -0.156518266603714 -0.987675064087055 -0.5 -0.309101529763363 -0.951029044928676 -0.5 -0.454073296673705 -0.890964332197352 -0.5 -0.58786369803989 -0.808959994392099 -0.5 -0.7071782010 -0.707035354128723 -0.5 -0.809078735772094 -0.587700263162635 -0.5 -0.891056044099077 -0.453893298336188 -0.5 -0.951091468984802 -0.308909400349572 -0.5 -0.987706663131236 -0.156318737220331 -0.5 -1 0 -0.5 -0.987668739441279 0.156558171714142 -0.5 -0.951016555459935 0.309139954132622 -0.5 -0.890945985453606 0.454109294117729 -0.5 -0.80893624215426 0.587896382136635 -0.5 -0.70 0.707206766947246 -0.5 -0.587667573308851 0.809102480085982 -0.5 -0.453857296445618 0.891074382115811 -0.5 -0.308870972953754 0.951103949138369 -0.5 -0.156278830577859 0.98771297810306 -0.5 0 1 -0.5
      0 1 -0.45 0.156438455616414 0.987687708541699 -0.45 0.309024679511157 0.951054019208702 -0.45 0.454001299562 0.891001021321533 -0.45 0.587798326967534 0.80 -0.45 0.707121065732415 0.707092496352107 -0.45 0.809031243182091 0.587765639992029 -0.45 0.891019363701908 0.453965299894438 -0.45 0.9510665041 0.308986253628336 -0.45 0.987694028350545 0.156398549739672 -0.45 1 -4.04032050922917e-05 -0.45 0.987681387120532 -0.156478361237783 -0.45 0.951041532844938 -0.30906310488952 -0.45 0.890982677486671 -0.454037298488442 -0.45 0.808983745309376 -0.587831012983505 -0.45 0.707063925817527 -0.707149633958405 -0.45 0.587732952057045 -0.809054990137451 -0.45 0.453929299485815 -0.891037704627766 -0.45 0.30894782724112 -0.951078987278654 -0.45 0.156358643607622 -0.987700346547061 -0.45 -8.08064101186284e-05 -1 -0.45 -0.156518266603714 -0.987675064087055 -0.45 -0.309101529763363 -0.951029044928676 -0.45 -0.454073296673705 -0.890964332197352 -0.45 -0.58786369803989 -0.808959994392099 -0.45 -0.7071782010 -0.707035354128723 -0.45 -0.809078735772094 -0.587700263162635 -0.45 -0.891056044099077 -0.453893298336188 -0.45 -0.951091468984802 -0.308909400349572 -0.45 -0.987706663131236 -0.156318737220331 -0.45 -1 0 -0.45 -0.987668739441279 0.156558171714142 -0.45 -0.951016555459935 0.309139954132622 -0.45 -0.890945985453606 0.454109294117729 -0.45 -0.80893624215426 0.587896382136635 -0.45 -0.70 0.707206766947246 -0.45 -0.587667573308851 0.809102480085982 -0.45 -0.453857296445618 0.891074382115811 -0.45 -0.308870972953754 0.951103949138369 -0.45 -0.156278830577859 0.98771297810306 -0.45 0 1 -0.45
      0 1 -0.4 0.156438455616414 0.987687708541699 -0.4 0.309024679511157 0.951054019208702 -0.4 0.454001299562 0.891001021321533 -0.4 0.587798326967534 0.80 -0.4 0.707121065732415 0.707092496352107 -0.4 0.809031243182091 0.587765639992029 -0.4 0.891019363701908 0.453965299894438 -0.4 0.9510665041 0.308986253628336 -0.4 0.987694028350545 0.156398549739672 -0.4 1 -4.04032050922917e-05 -0.4 0.987681387120532 -0.156478361237783 -0.4 0.951041532844938 -0.30906310488952 -0.4 0.890982677486671 -0.454037298488442 -0.4 0.808983745309376 -0.587831012983505 -0.4 0.707063925817527 -0.707149633958405 -0.4 0.587732952057045 -0.809054990137451 -0.4 0.453929299485815 -0.891037704627766 -0.4 0.30894782724112 -0.951078987278654 -0.4 0.156358643607622 -0.987700346547061 -0.4 -8.08064101186284e-05 -1 -0.4 -0.156518266603714 -0.987675064087055 -0.4 -0.309101529763363 -0.951029044928676 -0.4 -0.454073296673705 -0.890964332197352 -0.4 -0.58786369803989 -0.808959994392099 -0.4 -0.7071782010 -0.707035354128723 -0.4 -0.809078735772094 -0.587700263162635 -0.4 -0.891056044099077 -0.453893298336188 -0.4 -0.951091468984802 -0.308909400349572 -0.4 -0.987706663131236 -0.156318737220331 -0.4 -1 0 -0.4 -0.987668739441279 0.156558171714142 -0.4 -0.951016555459935 0.309139954132622 -0.4 -0.890945985453606 0.454109294117729 -0.4 -0.80893624215426 0.587896382136635 -0.4 -0.70 0.707206766947246 -0.4 -0.587667573308851 0.809102480085982 -0.4 -0.453857296445618 0.891074382115811 -0.4 -0.308870972953754 0.951103949138369 -0.4 -0.156278830577859 0.98771297810306 -0.4 0 1 -0.4
      0 1 -0.35 0.156438455616414 0.987687708541699 -0.35 0.309024679511157 0.951054019208702 -0.35 0.454001299562 0.891001021321533 -0.35 0.587798326967534 0.80 -0.35 0.707121065732415 0.707092496352107 -0.35 0.809031243182091 0.587765639992029 -0.35 0.891019363701908 0.453965299894438 -0.35 0.9510665041 0.308986253628336 -0.35 0.987694028350545 0.156398549739672 -0.35 1 -4.04032050922917e-05 -0.35 0.987681387120532 -0.156478361237783 -0.35 0.951041532844938 -0.30906310488952 -0.35 0.890982677486671 -0.454037298488442 -0.35 0.808983745309376 -0.587831012983505 -0.35 0.707063925817527 -0.707149633958405 -0.35 0.587732952057045 -0.809054990137451 -0.35 0.453929299485815 -0.891037704627766 -0.35 0.30894782724112 -0.951078987278654 -0.35 0.156358643607622 -0.987700346547061 -0.35 -8.08064101186284e-05 -1 -0.35 -0.156518266603714 -0.987675064087055 -0.35 -0.309101529763363 -0.951029044928676 -0.35 -0.454073296673705 -0.890964332197352 -0.35 -0.58786369803989 -0.808959994392099 -0.35 -0.7071782010 -0.707035354128723 -0.35 -0.809078735772094 -0.587700263162635 -0.35 -0.891056044099077 -0.453893298336188 -0.35 -0.951091468984802 -0.308909400349572 -0.35 -0.987706663131236 -0.156318737220331 -0.35 -1 0 -0.35 -0.987668739441279 0.156558171714142 -0.35 -0.951016555459935 0.309139954132622 -0.35 -0.890945985453606 0.454109294117729 -0.35 -0.80893624215426 0.587896382136635 -0.35 -0.70 0.707206766947246 -0.35 -0.587667573308851 0.809102480085982 -0.35 -0.453857296445618 0.891074382115811 -0.35 -0.308870972953754 0.951103949138369 -0.35 -0.156278830577859 0.98771297810306 -0.35 0 1 -0.35
      0 1 -0.3 0.156438455616414 0.987687708541699 -0.3 0.309024679511157 0.951054019208702 -0.3 0.454001299562 0.891001021321533 -0.3 0.587798326967534 0.80 -0.3 0.707121065732415 0.707092496352107 -0.3 0.809031243182091 0.587765639992029 -0.3 0.891019363701908 0.453965299894438 -0.3 0.9510665041 0.308986253628336 -0.3 0.987694028350545 0.156398549739672 -0.3 1 -4.04032050922917e-05 -0.3 0.987681387120532 -0.156478361237783 -0.3 0.951041532844938 -0.30906310488952 -0.3 0.890982677486671 -0.454037298488442 -0.3 0.808983745309376 -0.587831012983505 -0.3 0.707063925817527 -0.707149633958405 -0.3 0.587732952057045 -0.809054990137451 -0.3 0.453929299485815 -0.891037704627766 -0.3 0.30894782724112 -0.951078987278654 -0.3 0.156358643607622 -0.987700346547061 -0.3 -8.08064101186284e-05 -1 -0.3 -0.156518266603714 -0.987675064087055 -0.3 -0.309101529763363 -0.951029044928676 -0.3 -0.454073296673705 -0.890964332197352 -0.3 -0.58786369803989 -0.808959994392099 -0.3 -0.7071782010 -0.707035354128723 -0.3 -0.809078735772094 -0.587700263162635 -0.3 -0.891056044099077 -0.453893298336188 -0.3 -0.951091468984802 -0.308909400349572 -0.3 -0.987706663131236 -0.156318737220331 -0.3 -1 0 -0.3 -0.987668739441279 0.156558171714142 -0.3 -0.951016555459935 0.309139954132622 -0.3 -0.890945985453606 0.454109294117729 -0.3 -0.80893624215426 0.587896382136635 -0.3 -0.70 0.707206766947246 -0.3 -0.587667573308851 0.809102480085982 -0.3 -0.453857296445618 0.891074382115811 -0.3 -0.308870972953754 0.951103949138369 -0.3 -0.156278830577859 0.98771297810306 -0.3 0 1 -0.3
      0 1 -0.25 0.156438455616414 0.987687708541699 -0.25 0.309024679511157 0.951054019208702 -0.25 0.454001299562 0.891001021321533 -0.25 0.587798326967534 0.80 -0.25 0.707121065732415 0.707092496352107 -0.25 0.809031243182091 0.587765639992029 -0.25 0.891019363701908 0.453965299894438 -0.25 0.9510665041 0.308986253628336 -0.25 0.987694028350545 0.156398549739672 -0.25 1 -4.04032050922917e-05 -0.25 0.987681387120532 -0.156478361237783 -0.25 0.951041532844938 -0.30906310488952 -0.25 0.890982677486671 -0.454037298488442 -0.25 0.808983745309376 -0.587831012983505 -0.25 0.707063925817527 -0.707149633958405 -0.25 0.587732952057045 -0.809054990137451 -0.25 0.453929299485815 -0.891037704627766 -0.25 0.30894782724112 -0.951078987278654 -0.25 0.156358643607622 -0.987700346547061 -0.25 -8.08064101186284e-05 -1 -0.25 -0.156518266603714 -0.987675064087055 -0.25 -0.309101529763363 -0.951029044928676 -0.25 -0.454073296673705 -0.890964332197352 -0.25 -0.58786369803989 -0.808959994392099 -0.25 -0.7071782010 -0.707035354128723 -0.25 -0.809078735772094 -0.587700263162635 -0.25 -0.891056044099077 -0.453893298336188 -0.25 -0.951091468984802 -0.308909400349572 -0.25 -0.987706663131236 -0.156318737220331 -0.25 -1 0 -0.25 -0.987668739441279 0.156558171714142 -0.25 -0.951016555459935 0.309139954132622 -0.25 -0.890945985453606 0.454109294117729 -0.25 -0.80893624215426 0.587896382136635 -0.25 -0.70 0.707206766947246 -0.25 -0.587667573308851 0.809102480085982 -0.25 -0.453857296445618 0.891074382115811 -0.25 -0.308870972953754 0.951103949138369 -0.25 -0.156278830577859 0.98771297810306 -0.25 0 1 -0.25
      0 1 -0.2 0.156438455616414 0.987687708541699 -0.2 0.309024679511157 0.951054019208702 -0.2 0.454001299562 0.891001021321533 -0.2 0.587798326967534 0.80 -0.2 0.707121065732415 0.707092496352107 -0.2 0.809031243182091 0.587765639992029 -0.2 0.891019363701908 0.453965299894438 -0.2 0.9510665041 0.308986253628336 -0.2 0.987694028350545 0.156398549739672 -0.2 1 -4.04032050922917e-05 -0.2 0.987681387120532 -0.156478361237783 -0.2 0.951041532844938 -0.30906310488952 -0.2 0.890982677486671 -0.454037298488442 -0.2 0.808983745309376 -0.587831012983505 -0.2 0.707063925817527 -0.707149633958405 -0.2 0.587732952057045 -0.809054990137451 -0.2 0.453929299485815 -0.891037704627766 -0.2 0.30894782724112 -0.951078987278654 -0.2 0.156358643607622 -0.987700346547061 -0.2 -8.08064101186284e-05 -1 -0.2 -0.156518266603714 -0.987675064087055 -0.2 -0.309101529763363 -0.951029044928676 -0.2 -0.454073296673705 -0.890964332197352 -0.2 -0.58786369803989 -0.808959994392099 -0.2 -0.7071782010 -0.707035354128723 -0.2 -0.809078735772094 -0.587700263162635 -0.2 -0.891056044099077 -0.453893298336188 -0.2 -0.951091468984802 -0.308909400349572 -0.2 -0.987706663131236 -0.156318737220331 -0.2 -1 0 -0.2 -0.987668739441279 0.156558171714142 -0.2 -0.951016555459935 0.309139954132622 -0.2 -0.890945985453606 0.454109294117729 -0.2 -0.80893624215426 0.587896382136635 -0.2 -0.70 0.707206766947246 -0.2 -0.587667573308851 0.809102480085982 -0.2 -0.453857296445618 0.891074382115811 -0.2 -0.308870972953754 0.951103949138369 -0.2 -0.156278830577859 0.98771297810306 -0.2 0 1 -0.2
      0 1 -0.15 0.156438455616414 0.987687708541699 -0.15 0.309024679511157 0.951054019208702 -0.15 0.454001299562 0.891001021321533 -0.15 0.587798326967534 0.80 -0.15 0.707121065732415 0.707092496352107 -0.15 0.809031243182091 0.587765639992029 -0.15 0.891019363701908 0.453965299894438 -0.15 0.9510665041 0.308986253628336 -0.15 0.987694028350545 0.156398549739672 -0.15 1 -4.04032050922917e-05 -0.15 0.987681387120532 -0.156478361237783 -0.15 0.951041532844938 -0.30906310488952 -0.15 0.890982677486671 -0.454037298488442 -0.15 0.808983745309376 -0.587831012983505 -0.15 0.707063925817527 -0.707149633958405 -0.15 0.587732952057045 -0.809054990137451 -0.15 0.453929299485815 -0.891037704627766 -0.15 0.30894782724112 -0.951078987278654 -0.15 0.156358643607622 -0.987700346547061 -0.15 -8.08064101186284e-05 -1 -0.15 -0.156518266603714 -0.987675064087055 -0.15 -0.309101529763363 -0.951029044928676 -0.15 -0.454073296673705 -0.890964332197352 -0.15 -0.58786369803989 -0.808959994392099 -0.15 -0.7071782010 -0.707035354128723 -0.15 -0.809078735772094 -0.587700263162635 -0.15 -0.891056044099077 -0.453893298336188 -0.15 -0.951091468984802 -0.308909400349572 -0.15 -0.987706663131236 -0.156318737220331 -0.15 -1 0 -0.15 -0.987668739441279 0.156558171714142 -0.15 -0.951016555459935 0.309139954132622 -0.15 -0.890945985453606 0.454109294117729 -0.15 -0.80893624215426 0.587896382136635 -0.15 -0.70 0.707206766947246 -0.15 -0.587667573308851 0.809102480085982 -0.15 -0.453857296445618 0.891074382115811 -0.15 -0.308870972953754 0.951103949138369 -0.15 -0.156278830577859 0.98771297810306 -0.15 0 1 -0.15
      0 1 -0.1 0.156438455616414 0.987687708541699 -0.1 0.309024679511157 0.951054019208702 -0.1 0.454001299562 0.891001021321533 -0.1 0.587798326967534 0.80 -0.1 0.707121065732415 0.707092496352107 -0.1 0.809031243182091 0.587765639992029 -0.1 0.891019363701908 0.453965299894438 -0.1 0.9510665041 0.308986253628336 -0.1 0.987694028350545 0.156398549739672 -0.1 1 -4.04032050922917e-05 -0.1 0.987681387120532 -0.156478361237783 -0.1 0.951041532844938 -0.30906310488952 -0.1 0.890982677486671 -0.454037298488442 -0.1 0.808983745309376 -0.587831012983505 -0.1 0.707063925817527 -0.707149633958405 -0.1 0.587732952057045 -0.809054990137451 -0.1 0.453929299485815 -0.891037704627766 -0.1 0.30894782724112 -0.951078987278654 -0.1 0.156358643607622 -0.987700346547061 -0.1 -8.08064101186284e-05 -1 -0.1 -0.156518266603714 -0.987675064087055 -0.1 -0.309101529763363 -0.951029044928676 -0.1 -0.454073296673705 -0.890964332197352 -0.1 -0.58786369803989 -0.808959994392099 -0.1 -0.7071782010 -0.707035354128723 -0.1 -0.809078735772094 -0.587700263162635 -0.1 -0.891056044099077 -0.453893298336188 -0.1 -0.951091468984802 -0.308909400349572 -0.1 -0.987706663131236 -0.156318737220331 -0.1 -1 0 -0.1 -0.987668739441279 0.156558171714142 -0.1 -0.951016555459935 0.309139954132622 -0.1 -0.890945985453606 0.454109294117729 -0.1 -0.80893624215426 0.587896382136635 -0.1 -0.70 0.707206766947246 -0.1 -0.587667573308851 0.809102480085982 -0.1 -0.453857296445618 0.891074382115811 -0.1 -0.308870972953754 0.951103949138369 -0.1 -0.156278830577859 0.98771297810306 -0.1 0 1 -0.1
      0 1 -0.05 0.156438455616414 0.987687708541699 -0.05 0.309024679511157 0.951054019208702 -0.05 0.454001299562 0.891001021321533 -0.05 0.587798326967534 0.80 -0.05 0.707121065732415 0.707092496352107 -0.05 0.809031243182091 0.587765639992029 -0.05 0.891019363701908 0.453965299894438 -0.05 0.9510665041 0.308986253628336 -0.05 0.987694028350545 0.156398549739672 -0.05 1 -4.04032050922917e-05 -0.05 0.987681387120532 -0.156478361237783 -0.05 0.951041532844938 -0.30906310488952 -0.05 0.890982677486671 -0.454037298488442 -0.05 0.808983745309376 -0.587831012983505 -0.05 0.707063925817527 -0.707149633958405 -0.05 0.587732952057045 -0.809054990137451 -0.05 0.453929299485815 -0.891037704627766 -0.05 0.30894782724112 -0.951078987278654 -0.05 0.156358643607622 -0.987700346547061 -0.05 -8.08064101186284e-05 -1 -0.05 -0.156518266603714 -0.987675064087055 -0.05 -0.309101529763363 -0.951029044928676 -0.05 -0.454073296673705 -0.890964332197352 -0.05 -0.58786369803989 -0.808959994392099 -0.05 -0.7071782010 -0.707035354128723 -0.05 -0.809078735772094 -0.587700263162635 -0.05 -0.891056044099077 -0.453893298336188 -0.05 -0.951091468984802 -0.308909400349572 -0.05 -0.987706663131236 -0.156318737220331 -0.05 -1 0 -0.05 -0.987668739441279 0.156558171714142 -0.05 -0.951016555459935 0.309139954132622 -0.05 -0.890945985453606 0.454109294117729 -0.05 -0.80893624215426 0.587896382136635 -0.05 -0.70 0.707206766947246 -0.05 -0.587667573308851 0.809102480085982 -0.05 -0.453857296445618 0.891074382115811 -0.05 -0.308870972953754 0.951103949138369 -0.05 -0.156278830577859 0.98771297810306 -0.05 0 1 -0.05
      0 1 0 0.156438455616414 0.987687708541699 0 0.309024679511157 0.951054019208702 0 0.454001299562 0.891001021321533 0 0.587798326967534 0.80 0 0.707121065732415 0.707092496352107 0 0.809031243182091 0.587765639992029 0 0.891019363701908 0.453965299894438 0 0.9510665041 0.308986253628336 0 0.987694028350545 0.156398549739672 0 1 -4.04032050922917e-05 0 0.987681387120532 -0.156478361237783 0 0.951041532844938 -0.30906310488952 0 0.890982677486671 -0.454037298488442 0 0.808983745309376 -0.587831012983505 0 0.707063925817527 -0.707149633958405 0 0.587732952057045 -0.809054990137451 0 0.453929299485815 -0.891037704627766 0 0.30894782724112 -0.951078987278654 0 0.156358643607622 -0.987700346547061 0 -8.08064101186284e-05 -1 0 -0.156518266603714 -0.987675064087055 0 -0.309101529763363 -0.951029044928676 0 -0.454073296673705 -0.890964332197352 0 -0.58786369803989 -0.808959994392099 0 -0.7071782010 -0.707035354128723 0 -0.809078735772094 -0.587700263162635 0 -0.891056044099077 -0.453893298336188 0 -0.951091468984802 -0.308909400349572 0 -0.987706663131236 -0.156318737220331 0 -1 0 0 -0.987668739441279 0.156558171714142 0 -0.951016555459935 0.309139954132622 0 -0.890945985453606 0.454109294117729 0 -0.80893624215426 0.587896382136635 0 -0.70 0.707206766947246 0 -0.587667573308851 0.809102480085982 0 -0.453857296445618 0.891074382115811 0 -0.308870972953754 0.951103949138369 0 -0.156278830577859 0.98771297810306 0 0 1 0
      0 1 0.05 0.156438455616414 0.987687708541699 0.05 0.309024679511157 0.951054019208702 0.05 0.454001299562 0.891001021321533 0.05 0.587798326967534 0.80 0.05 0.707121065732415 0.707092496352107 0.05 0.809031243182091 0.587765639992029 0.05 0.891019363701908 0.453965299894438 0.05 0.9510665041 0.308986253628336 0.05 0.987694028350545 0.156398549739672 0.05 1 -4.04032050922917e-05 0.05 0.987681387120532 -0.156478361237783 0.05 0.951041532844938 -0.30906310488952 0.05 0.890982677486671 -0.454037298488442 0.05 0.808983745309376 -0.587831012983505 0.05 0.707063925817527 -0.707149633958405 0.05 0.587732952057045 -0.809054990137451 0.05 0.453929299485815 -0.891037704627766 0.05 0.30894782724112 -0.951078987278654 0.05 0.156358643607622 -0.987700346547061 0.05 -8.08064101186284e-05 -1 0.05 -0.156518266603714 -0.987675064087055 0.05 -0.309101529763363 -0.951029044928676 0.05 -0.454073296673705 -0.890964332197352 0.05 -0.58786369803989 -0.808959994392099 0.05 -0.7071782010 -0.707035354128723 0.05 -0.809078735772094 -0.587700263162635 0.05 -0.891056044099077 -0.453893298336188 0.05 -0.951091468984802 -0.308909400349572 0.05 -0.987706663131236 -0.156318737220331 0.05 -1 0 0.05 -0.987668739441279 0.156558171714142 0.05 -0.951016555459935 0.309139954132622 0.05 -0.890945985453606 0.454109294117729 0.05 -0.80893624215426 0.587896382136635 0.05 -0.70 0.707206766947246 0.05 -0.587667573308851 0.809102480085982 0.05 -0.453857296445618 0.891074382115811 0.05 -0.308870972953754 0.951103949138369 0.05 -0.156278830577859 0.98771297810306 0.05 0 1 0.05
      0 1 0.1 0.156438455616414 0.987687708541699 0.1 0.309024679511157 0.951054019208702 0.1 0.454001299562 0.891001021321533 0.1 0.587798326967534 0.80 0.1 0.707121065732415 0.707092496352107 0.1 0.809031243182091 0.587765639992029 0.1 0.891019363701908 0.453965299894438 0.1 0.9510665041 0.308986253628336 0.1 0.987694028350545 0.156398549739672 0.1 1 -4.04032050922917e-05 0.1 0.987681387120532 -0.156478361237783 0.1 0.951041532844938 -0.30906310488952 0.1 0.890982677486671 -0.454037298488442 0.1 0.808983745309376 -0.587831012983505 0.1 0.707063925817527 -0.707149633958405 0.1 0.587732952057045 -0.809054990137451 0.1 0.453929299485815 -0.891037704627766 0.1 0.30894782724112 -0.951078987278654 0.1 0.156358643607622 -0.987700346547061 0.1 -8.08064101186284e-05 -1 0.1 -0.156518266603714 -0.987675064087055 0.1 -0.309101529763363 -0.951029044928676 0.1 -0.454073296673705 -0.890964332197352 0.1 -0.58786369803989 -0.808959994392099 0.1 -0.7071782010 -0.707035354128723 0.1 -0.809078735772094 -0.587700263162635 0.1 -0.891056044099077 -0.453893298336188 0.1 -0.951091468984802 -0.308909400349572 0.1 -0.987706663131236 -0.156318737220331 0.1 -1 0 0.1 -0.987668739441279 0.156558171714142 0.1 -0.951016555459935 0.309139954132622 0.1 -0.890945985453606 0.454109294117729 0.1 -0.80893624215426 0.587896382136635 0.1 -0.70 0.707206766947246 0.1 -0.587667573308851 0.809102480085982 0.1 -0.453857296445618 0.891074382115811 0.1 -0.308870972953754 0.951103949138369 0.1 -0.156278830577859 0.98771297810306 0.1 0 1 0.1
      0 1 0.15 0.156438455616414 0.987687708541699 0.15 0.309024679511157 0.951054019208702 0.15 0.454001299562 0.891001021321533 0.15 0.587798326967534 0.80 0.15 0.707121065732415 0.707092496352107 0.15 0.809031243182091 0.587765639992029 0.15 0.891019363701908 0.453965299894438 0.15 0.9510665041 0.308986253628336 0.15 0.987694028350545 0.156398549739672 0.15 1 -4.04032050922917e-05 0.15 0.987681387120532 -0.156478361237783 0.15 0.951041532844938 -0.30906310488952 0.15 0.890982677486671 -0.454037298488442 0.15 0.808983745309376 -0.587831012983505 0.15 0.707063925817527 -0.707149633958405 0.15 0.587732952057045 -0.809054990137451 0.15 0.453929299485815 -0.891037704627766 0.15 0.30894782724112 -0.951078987278654 0.15 0.156358643607622 -0.987700346547061 0.15 -8.08064101186284e-05 -1 0.15 -0.156518266603714 -0.987675064087055 0.15 -0.309101529763363 -0.951029044928676 0.15 -0.454073296673705 -0.890964332197352 0.15 -0.58786369803989 -0.808959994392099 0.15 -0.7071782010 -0.707035354128723 0.15 -0.809078735772094 -0.587700263162635 0.15 -0.891056044099077 -0.453893298336188 0.15 -0.951091468984802 -0.308909400349572 0.15 -0.987706663131236 -0.156318737220331 0.15 -1 0 0.15 -0.987668739441279 0.156558171714142 0.15 -0.951016555459935 0.309139954132622 0.15 -0.890945985453606 0.454109294117729 0.15 -0.80893624215426 0.587896382136635 0.15 -0.70 0.707206766947246 0.15 -0.587667573308851 0.809102480085982 0.15 -0.453857296445618 0.891074382115811 0.15 -0.308870972953754 0.951103949138369 0.15 -0.156278830577859 0.98771297810306 0.15 0 1 0.15
      0 1 0.2 0.156438455616414 0.987687708541699 0.2 0.309024679511157 0.951054019208702 0.2 0.454001299562 0.891001021321533 0.2 0.587798326967534 0.80 0.2 0.707121065732415 0.707092496352107 0.2 0.809031243182091 0.587765639992029 0.2 0.891019363701908 0.453965299894438 0.2 0.9510665041 0.308986253628336 0.2 0.987694028350545 0.156398549739672 0.2 1 -4.04032050922917e-05 0.2 0.987681387120532 -0.156478361237783 0.2 0.951041532844938 -0.30906310488952 0.2 0.890982677486671 -0.454037298488442 0.2 0.808983745309376 -0.587831012983505 0.2 0.707063925817527 -0.707149633958405 0.2 0.587732952057045 -0.809054990137451 0.2 0.453929299485815 -0.891037704627766 0.2 0.30894782724112 -0.951078987278654 0.2 0.156358643607622 -0.987700346547061 0.2 -8.08064101186284e-05 -1 0.2 -0.156518266603714 -0.987675064087055 0.2 -0.309101529763363 -0.951029044928676 0.2 -0.454073296673705 -0.890964332197352 0.2 -0.58786369803989 -0.808959994392099 0.2 -0.7071782010 -0.707035354128723 0.2 -0.809078735772094 -0.587700263162635 0.2 -0.891056044099077 -0.453893298336188 0.2 -0.951091468984802 -0.308909400349572 0.2 -0.987706663131236 -0.156318737220331 0.2 -1 0 0.2 -0.987668739441279 0.156558171714142 0.2 -0.951016555459935 0.309139954132622 0.2 -0.890945985453606 0.454109294117729 0.2 -0.80893624215426 0.587896382136635 0.2 -0.70 0.707206766947246 0.2 -0.587667573308851 0.809102480085982 0.2 -0.453857296445618 0.891074382115811 0.2 -0.308870972953754 0.951103949138369 0.2 -0.156278830577859 0.98771297810306 0.2 0 1 0.2
      0 1 0.25 0.156438455616414 0.987687708541699 0.25 0.309024679511157 0.951054019208702 0.25 0.454001299562 0.891001021321533 0.25 0.587798326967534 0.80 0.25 0.707121065732415 0.707092496352107 0.25 0.809031243182091 0.587765639992029 0.25 0.891019363701908 0.453965299894438 0.25 0.9510665041 0.308986253628336 0.25 0.987694028350545 0.156398549739672 0.25 1 -4.04032050922917e-05 0.25 0.987681387120532 -0.156478361237783 0.25 0.951041532844938 -0.30906310488952 0.25 0.890982677486671 -0.454037298488442 0.25 0.808983745309376 -0.587831012983505 0.25 0.707063925817527 -0.707149633958405 0.25 0.587732952057045 -0.809054990137451 0.25 0.453929299485815 -0.891037704627766 0.25 0.30894782724112 -0.951078987278654 0.25 0.156358643607622 -0.987700346547061 0.25 -8.08064101186284e-05 -1 0.25 -0.156518266603714 -0.987675064087055 0.25 -0.309101529763363 -0.951029044928676 0.25 -0.454073296673705 -0.890964332197352 0.25 -0.58786369803989 -0.808959994392099 0.25 -0.7071782010 -0.707035354128723 0.25 -0.809078735772094 -0.587700263162635 0.25 -0.891056044099077 -0.453893298336188 0.25 -0.951091468984802 -0.308909400349572 0.25 -0.987706663131236 -0.156318737220331 0.25 -1 0 0.25 -0.987668739441279 0.156558171714142 0.25 -0.951016555459935 0.309139954132622 0.25 -0.890945985453606 0.454109294117729 0.25 -0.80893624215426 0.587896382136635 0.25 -0.70 0.707206766947246 0.25 -0.587667573308851 0.809102480085982 0.25 -0.453857296445618 0.891074382115811 0.25 -0.308870972953754 0.951103949138369 0.25 -0.156278830577859 0.98771297810306 0.25 0 1 0.25
      0 1 0.3 0.156438455616414 0.987687708541699 0.3 0.309024679511157 0.951054019208702 0.3 0.454001299562 0.891001021321533 0.3 0.587798326967534 0.80 0.3 0.707121065732415 0.707092496352107 0.3 0.809031243182091 0.587765639992029 0.3 0.891019363701908 0.453965299894438 0.3 0.9510665041 0.308986253628336 0.3 0.987694028350545 0.156398549739672 0.3 1 -4.04032050922917e-05 0.3 0.987681387120532 -0.156478361237783 0.3 0.951041532844938 -0.30906310488952 0.3 0.890982677486671 -0.454037298488442 0.3 0.808983745309376 -0.587831012983505 0.3 0.707063925817527 -0.707149633958405 0.3 0.587732952057045 -0.809054990137451 0.3 0.453929299485815 -0.891037704627766 0.3 0.30894782724112 -0.951078987278654 0.3 0.156358643607622 -0.987700346547061 0.3 -8.08064101186284e-05 -1 0.3 -0.156518266603714 -0.987675064087055 0.3 -0.309101529763363 -0.951029044928676 0.3 -0.454073296673705 -0.890964332197352 0.3 -0.58786369803989 -0.808959994392099 0.3 -0.7071782010 -0.707035354128723 0.3 -0.809078735772094 -0.587700263162635 0.3 -0.891056044099077 -0.453893298336188 0.3 -0.951091468984802 -0.308909400349572 0.3 -0.987706663131236 -0.156318737220331 0.3 -1 0 0.3 -0.987668739441279 0.156558171714142 0.3 -0.951016555459935 0.309139954132622 0.3 -0.890945985453606 0.454109294117729 0.3 -0.80893624215426 0.587896382136635 0.3 -0.70 0.707206766947246 0.3 -0.587667573308851 0.809102480085982 0.3 -0.453857296445618 0.891074382115811 0.3 -0.308870972953754 0.951103949138369 0.3 -0.156278830577859 0.98771297810306 0.3 0 1 0.3
      0 1 0.35 0.156438455616414 0.987687708541699 0.35 0.309024679511157 0.951054019208702 0.35 0.454001299562 0.891001021321533 0.35 0.587798326967534 0.80 0.35 0.707121065732415 0.707092496352107 0.35 0.809031243182091 0.587765639992029 0.35 0.891019363701908 0.453965299894438 0.35 0.9510665041 0.308986253628336 0.35 0.987694028350545 0.156398549739672 0.35 1 -4.04032050922917e-05 0.35 0.987681387120532 -0.156478361237783 0.35 0.951041532844938 -0.30906310488952 0.35 0.890982677486671 -0.454037298488442 0.35 0.808983745309376 -0.587831012983505 0.35 0.707063925817527 -0.707149633958405 0.35 0.587732952057045 -0.809054990137451 0.35 0.453929299485815 -0.891037704627766 0.35 0.30894782724112 -0.951078987278654 0.35 0.156358643607622 -0.987700346547061 0.35 -8.08064101186284e-05 -1 0.35 -0.156518266603714 -0.987675064087055 0.35 -0.309101529763363 -0.951029044928676 0.35 -0.454073296673705 -0.890964332197352 0.35 -0.58786369803989 -0.808959994392099 0.35 -0.7071782010 -0.707035354128723 0.35 -0.809078735772094 -0.587700263162635 0.35 -0.891056044099077 -0.453893298336188 0.35 -0.951091468984802 -0.308909400349572 0.35 -0.987706663131236 -0.156318737220331 0.35 -1 0 0.35 -0.987668739441279 0.156558171714142 0.35 -0.951016555459935 0.309139954132622 0.35 -0.890945985453606 0.454109294117729 0.35 -0.80893624215426 0.587896382136635 0.35 -0.70 0.707206766947246 0.35 -0.587667573308851 0.809102480085982 0.35 -0.453857296445618 0.891074382115811 0.35 -0.308870972953754 0.951103949138369 0.35 -0.156278830577859 0.98771297810306 0.35 0 1 0.35
      0 1 0.4 0.156438455616414 0.987687708541699 0.4 0.309024679511157 0.951054019208702 0.4 0.454001299562 0.891001021321533 0.4 0.587798326967534 0.80 0.4 0.707121065732415 0.707092496352107 0.4 0.809031243182091 0.587765639992029 0.4 0.891019363701908 0.453965299894438 0.4 0.9510665041 0.308986253628336 0.4 0.987694028350545 0.156398549739672 0.4 1 -4.04032050922917e-05 0.4 0.987681387120532 -0.156478361237783 0.4 0.951041532844938 -0.30906310488952 0.4 0.890982677486671 -0.454037298488442 0.4 0.808983745309376 -0.587831012983505 0.4 0.707063925817527 -0.707149633958405 0.4 0.587732952057045 -0.809054990137451 0.4 0.453929299485815 -0.891037704627766 0.4 0.30894782724112 -0.951078987278654 0.4 0.156358643607622 -0.987700346547061 0.4 -8.08064101186284e-05 -1 0.4 -0.156518266603714 -0.987675064087055 0.4 -0.309101529763363 -0.951029044928676 0.4 -0.454073296673705 -0.890964332197352 0.4 -0.58786369803989 -0.808959994392099 0.4 -0.7071782010 -0.707035354128723 0.4 -0.809078735772094 -0.587700263162635 0.4 -0.891056044099077 -0.453893298336188 0.4 -0.951091468984802 -0.308909400349572 0.4 -0.987706663131236 -0.156318737220331 0.4 -1 0 0.4 -0.987668739441279 0.156558171714142 0.4 -0.951016555459935 0.309139954132622 0.4 -0.890945985453606 0.454109294117729 0.4 -0.80893624215426 0.587896382136635 0.4 -0.70 0.707206766947246 0.4 -0.587667573308851 0.809102480085982 0.4 -0.453857296445618 0.891074382115811 0.4 -0.308870972953754 0.951103949138369 0.4 -0.156278830577859 0.98771297810306 0.4 0 1 0.4
      0 1 0.45 0.156438455616414 0.987687708541699 0.45 0.309024679511157 0.951054019208702 0.45 0.454001299562 0.891001021321533 0.45 0.587798326967534 0.80 0.45 0.707121065732415 0.707092496352107 0.45 0.809031243182091 0.587765639992029 0.45 0.891019363701908 0.453965299894438 0.45 0.9510665041 0.308986253628336 0.45 0.987694028350545 0.156398549739672 0.45 1 -4.04032050922917e-05 0.45 0.987681387120532 -0.156478361237783 0.45 0.951041532844938 -0.30906310488952 0.45 0.890982677486671 -0.454037298488442 0.45 0.808983745309376 -0.587831012983505 0.45 0.707063925817527 -0.707149633958405 0.45 0.587732952057045 -0.809054990137451 0.45 0.453929299485815 -0.891037704627766 0.45 0.30894782724112 -0.951078987278654 0.45 0.156358643607622 -0.987700346547061 0.45 -8.08064101186284e-05 -1 0.45 -0.156518266603714 -0.987675064087055 0.45 -0.309101529763363 -0.951029044928676 0.45 -0.454073296673705 -0.890964332197352 0.45 -0.58786369803989 -0.808959994392099 0.45 -0.7071782010 -0.707035354128723 0.45 -0.809078735772094 -0.587700263162635 0.45 -0.891056044099077 -0.453893298336188 0.45 -0.951091468984802 -0.308909400349572 0.45 -0.987706663131236 -0.156318737220331 0.45 -1 0 0.45 -0.987668739441279 0.156558171714142 0.45 -0.951016555459935 0.309139954132622 0.45 -0.890945985453606 0.454109294117729 0.45 -0.80893624215426 0.587896382136635 0.45 -0.70 0.707206766947246 0.45 -0.587667573308851 0.809102480085982 0.45 -0.453857296445618 0.891074382115811 0.45 -0.308870972953754 0.951103949138369 0.45 -0.156278830577859 0.98771297810306 0.45 0 1 0.45
      0 1 0.5 0.156438455616414 0.987687708541699 0.5 0.309024679511157 0.951054019208702 0.5 0.454001299562 0.891001021321533 0.5 0.587798326967534 0.80 0.5 0.707121065732415 0.707092496352107 0.5 0.809031243182091 0.587765639992029 0.5 0.891019363701908 0.453965299894438 0.5 0.9510665041 0.308986253628336 0.5 0.987694028350545 0.156398549739672 0.5 1 -4.04032050922917e-05 0.5 0.987681387120532 -0.156478361237783 0.5 0.951041532844938 -0.30906310488952 0.5 0.890982677486671 -0.454037298488442 0.5 0.808983745309376 -0.587831012983505 0.5 0.707063925817527 -0.707149633958405 0.5 0.587732952057045 -0.809054990137451 0.5 0.453929299485815 -0.891037704627766 0.5 0.30894782724112 -0.951078987278654 0.5 0.156358643607622 -0.987700346547061 0.5 -8.08064101186284e-05 -1 0.5 -0.156518266603714 -0.987675064087055 0.5 -0.309101529763363 -0.951029044928676 0.5 -0.454073296673705 -0.890964332197352 0.5 -0.58786369803989 -0.808959994392099 0.5 -0.7071782010 -0.707035354128723 0.5 -0.809078735772094 -0.587700263162635 0.5 -0.891056044099077 -0.453893298336188 0.5 -0.951091468984802 -0.308909400349572 0.5 -0.987706663131236 -0.156318737220331 0.5 -1 0 0.5 -0.987668739441279 0.156558171714142 0.5 -0.951016555459935 0.309139954132622 0.5 -0.890945985453606 0.454109294117729 0.5 -0.80893624215426 0.587896382136635 0.5 -0.70 0.707206766947246 0.5 -0.587667573308851 0.809102480085982 0.5 -0.453857296445618 0.891074382115811 0.5 -0.308870972953754 0.951103949138369 0.5 -0.156278830577859 0.98771297810306 0.5 0 1 0.5
      0 1 0.55 0.156438455616414 0.987687708541699 0.55 0.309024679511157 0.951054019208702 0.55 0.454001299562 0.891001021321533 0.55 0.587798326967534 0.80 0.55 0.707121065732415 0.707092496352107 0.55 0.809031243182091 0.587765639992029 0.55 0.891019363701908 0.453965299894438 0.55 0.9510665041 0.308986253628336 0.55 0.987694028350545 0.156398549739672 0.55 1 -4.04032050922917e-05 0.55 0.987681387120532 -0.156478361237783 0.55 0.951041532844938 -0.30906310488952 0.55 0.890982677486671 -0.454037298488442 0.55 0.808983745309376 -0.587831012983505 0.55 0.707063925817527 -0.707149633958405 0.55 0.587732952057045 -0.809054990137451 0.55 0.453929299485815 -0.891037704627766 0.55 0.30894782724112 -0.951078987278654 0.55 0.156358643607622 -0.987700346547061 0.55 -8.08064101186284e-05 -1 0.55 -0.156518266603714 -0.987675064087055 0.55 -0.309101529763363 -0.951029044928676 0.55 -0.454073296673705 -0.890964332197352 0.55 -0.58786369803989 -0.808959994392099 0.55 -0.7071782010 -0.707035354128723 0.55 -0.809078735772094 -0.587700263162635 0.55 -0.891056044099077 -0.453893298336188 0.55 -0.951091468984802 -0.308909400349572 0.55 -0.987706663131236 -0.156318737220331 0.55 -1 0 0.55 -0.987668739441279 0.156558171714142 0.55 -0.951016555459935 0.309139954132622 0.55 -0.890945985453606 0.454109294117729 0.55 -0.80893624215426 0.587896382136635 0.55 -0.70 0.707206766947246 0.55 -0.587667573308851 0.809102480085982 0.55 -0.453857296445618 0.891074382115811 0.55 -0.308870972953754 0.951103949138369 0.55 -0.156278830577859 0.98771297810306 0.55 0 1 0.55
      0 1 0.6 0.156438455616414 0.987687708541699 0.6 0.309024679511157 0.951054019208702 0.6 0.454001299562 0.891001021321533 0.6 0.587798326967534 0.80 0.6 0.707121065732415 0.707092496352107 0.6 0.809031243182091 0.587765639992029 0.6 0.891019363701908 0.453965299894438 0.6 0.9510665041 0.308986253628336 0.6 0.987694028350545 0.156398549739672 0.6 1 -4.04032050922917e-05 0.6 0.987681387120532 -0.156478361237783 0.6 0.951041532844938 -0.30906310488952 0.6 0.890982677486671 -0.454037298488442 0.6 0.808983745309376 -0.587831012983505 0.6 0.707063925817527 -0.707149633958405 0.6 0.587732952057045 -0.809054990137451 0.6 0.453929299485815 -0.891037704627766 0.6 0.30894782724112 -0.951078987278654 0.6 0.156358643607622 -0.987700346547061 0.6 -8.08064101186284e-05 -1 0.6 -0.156518266603714 -0.987675064087055 0.6 -0.309101529763363 -0.951029044928676 0.6 -0.454073296673705 -0.890964332197352 0.6 -0.58786369803989 -0.808959994392099 0.6 -0.7071782010 -0.707035354128723 0.6 -0.809078735772094 -0.587700263162635 0.6 -0.891056044099077 -0.453893298336188 0.6 -0.951091468984802 -0.308909400349572 0.6 -0.987706663131236 -0.156318737220331 0.6 -1 0 0.6 -0.987668739441279 0.156558171714142 0.6 -0.951016555459935 0.309139954132622 0.6 -0.890945985453606 0.454109294117729 0.6 -0.80893624215426 0.587896382136635 0.6 -0.70 0.707206766947246 0.6 -0.587667573308851 0.809102480085982 0.6 -0.453857296445618 0.891074382115811 0.6 -0.308870972953754 0.951103949138369 0.6 -0.156278830577859 0.98771297810306 0.6 0 1 0.6
      0 1 0.65 0.156438455616414 0.987687708541699 0.65 0.309024679511157 0.951054019208702 0.65 0.454001299562 0.891001021321533 0.65 0.587798326967534 0.80 0.65 0.707121065732415 0.707092496352107 0.65 0.809031243182091 0.587765639992029 0.65 0.891019363701908 0.453965299894438 0.65 0.9510665041 0.308986253628336 0.65 0.987694028350545 0.156398549739672 0.65 1 -4.04032050922917e-05 0.65 0.987681387120532 -0.156478361237783 0.65 0.951041532844938 -0.30906310488952 0.65 0.890982677486671 -0.454037298488442 0.65 0.808983745309376 -0.587831012983505 0.65 0.707063925817527 -0.707149633958405 0.65 0.587732952057045 -0.809054990137451 0.65 0.453929299485815 -0.891037704627766 0.65 0.30894782724112 -0.951078987278654 0.65 0.156358643607622 -0.987700346547061 0.65 -8.08064101186284e-05 -1 0.65 -0.156518266603714 -0.987675064087055 0.65 -0.309101529763363 -0.951029044928676 0.65 -0.454073296673705 -0.890964332197352 0.65 -0.58786369803989 -0.808959994392099 0.65 -0.7071782010 -0.707035354128723 0.65 -0.809078735772094 -0.587700263162635 0.65 -0.891056044099077 -0.453893298336188 0.65 -0.951091468984802 -0.308909400349572 0.65 -0.987706663131236 -0.156318737220331 0.65 -1 0 0.65 -0.987668739441279 0.156558171714142 0.65 -0.951016555459935 0.309139954132622 0.65 -0.890945985453606 0.454109294117729 0.65 -0.80893624215426 0.587896382136635 0.65 -0.70 0.707206766947246 0.65 -0.587667573308851 0.809102480085982 0.65 -0.453857296445618 0.891074382115811 0.65 -0.308870972953754 0.951103949138369 0.65 -0.156278830577859 0.98771297810306 0.65 0 1 0.65
      0 1 0.7 0.156438455616414 0.987687708541699 0.7 0.309024679511157 0.951054019208702 0.7 0.454001299562 0.891001021321533 0.7 0.587798326967534 0.80 0.7 0.707121065732415 0.707092496352107 0.7 0.809031243182091 0.587765639992029 0.7 0.891019363701908 0.453965299894438 0.7 0.9510665041 0.308986253628336 0.7 0.987694028350545 0.156398549739672 0.7 1 -4.04032050922917e-05 0.7 0.987681387120532 -0.156478361237783 0.7 0.951041532844938 -0.30906310488952 0.7 0.890982677486671 -0.454037298488442 0.7 0.808983745309376 -0.587831012983505 0.7 0.707063925817527 -0.707149633958405 0.7 0.587732952057045 -0.809054990137451 0.7 0.453929299485815 -0.891037704627766 0.7 0.30894782724112 -0.951078987278654 0.7 0.156358643607622 -0.987700346547061 0.7 -8.08064101186284e-05 -1 0.7 -0.156518266603714 -0.987675064087055 0.7 -0.309101529763363 -0.951029044928676 0.7 -0.454073296673705 -0.890964332197352 0.7 -0.58786369803989 -0.808959994392099 0.7 -0.7071782010 -0.707035354128723 0.7 -0.809078735772094 -0.587700263162635 0.7 -0.891056044099077 -0.453893298336188 0.7 -0.951091468984802 -0.308909400349572 0.7 -0.987706663131236 -0.156318737220331 0.7 -1 0 0.7 -0.987668739441279 0.156558171714142 0.7 -0.951016555459935 0.309139954132622 0.7 -0.890945985453606 0.454109294117729 0.7 -0.80893624215426 0.587896382136635 0.7 -0.70 0.707206766947246 0.7 -0.587667573308851 0.809102480085982 0.7 -0.453857296445618 0.891074382115811 0.7 -0.308870972953754 0.951103949138369 0.7 -0.156278830577859 0.98771297810306 0.7 0 1 0.7
      0 1 0.75 0.156438455616414 0.987687708541699 0.75 0.309024679511157 0.951054019208702 0.75 0.454001299562 0.891001021321533 0.75 0.587798326967534 0.80 0.75 0.707121065732415 0.707092496352107 0.75 0.809031243182091 0.587765639992029 0.75 0.891019363701908 0.453965299894438 0.75 0.9510665041 0.308986253628336 0.75 0.987694028350545 0.156398549739672 0.75 1 -4.04032050922917e-05 0.75 0.987681387120532 -0.156478361237783 0.75 0.951041532844938 -0.30906310488952 0.75 0.890982677486671 -0.454037298488442 0.75 0.808983745309376 -0.587831012983505 0.75 0.707063925817527 -0.707149633958405 0.75 0.587732952057045 -0.809054990137451 0.75 0.453929299485815 -0.891037704627766 0.75 0.30894782724112 -0.951078987278654 0.75 0.156358643607622 -0.987700346547061 0.75 -8.08064101186284e-05 -1 0.75 -0.156518266603714 -0.987675064087055 0.75 -0.309101529763363 -0.951029044928676 0.75 -0.454073296673705 -0.890964332197352 0.75 -0.58786369803989 -0.808959994392099 0.75 -0.7071782010 -0.707035354128723 0.75 -0.809078735772094 -0.587700263162635 0.75 -0.891056044099077 -0.453893298336188 0.75 -0.951091468984802 -0.308909400349572 0.75 -0.987706663131236 -0.156318737220331 0.75 -1 0 0.75 -0.987668739441279 0.156558171714142 0.75 -0.951016555459935 0.309139954132622 0.75 -0.890945985453606 0.454109294117729 0.75 -0.80893624215426 0.587896382136635 0.75 -0.70 0.707206766947246 0.75 -0.587667573308851 0.809102480085982 0.75 -0.453857296445618 0.891074382115811 0.75 -0.308870972953754 0.951103949138369 0.75 -0.156278830577859 0.98771297810306 0.75 0 1 0.75
      0 1 0.8 0.156438455616414 0.987687708541699 0.8 0.309024679511157 0.951054019208702 0.8 0.454001299562 0.891001021321533 0.8 0.587798326967534 0.80 0.8 0.707121065732415 0.707092496352107 0.8 0.809031243182091 0.587765639992029 0.8 0.891019363701908 0.453965299894438 0.8 0.9510665041 0.308986253628336 0.8 0.987694028350545 0.156398549739672 0.8 1 -4.04032050922917e-05 0.8 0.987681387120532 -0.156478361237783 0.8 0.951041532844938 -0.30906310488952 0.8 0.890982677486671 -0.454037298488442 0.8 0.808983745309376 -0.587831012983505 0.8 0.707063925817527 -0.707149633958405 0.8 0.587732952057045 -0.809054990137451 0.8 0.453929299485815 -0.891037704627766 0.8 0.30894782724112 -0.951078987278654 0.8 0.156358643607622 -0.987700346547061 0.8 -8.08064101186284e-05 -1 0.8 -0.156518266603714 -0.987675064087055 0.8 -0.309101529763363 -0.951029044928676 0.8 -0.454073296673705 -0.890964332197352 0.8 -0.58786369803989 -0.808959994392099 0.8 -0.7071782010 -0.707035354128723 0.8 -0.809078735772094 -0.587700263162635 0.8 -0.891056044099077 -0.453893298336188 0.8 -0.951091468984802 -0.308909400349572 0.8 -0.987706663131236 -0.156318737220331 0.8 -1 0 0.8 -0.987668739441279 0.156558171714142 0.8 -0.951016555459935 0.309139954132622 0.8 -0.890945985453606 0.454109294117729 0.8 -0.80893624215426 0.587896382136635 0.8 -0.70 0.707206766947246 0.8 -0.587667573308851 0.809102480085982 0.8 -0.453857296445618 0.891074382115811 0.8 -0.308870972953754 0.951103949138369 0.8 -0.156278830577859 0.98771297810306 0.8 0 1 0.8
      0 1 0.85 0.156438455616414 0.987687708541699 0.85 0.309024679511157 0.951054019208702 0.85 0.454001299562 0.891001021321533 0.85 0.587798326967534 0.80 0.85 0.707121065732415 0.707092496352107 0.85 0.809031243182091 0.587765639992029 0.85 0.891019363701908 0.453965299894438 0.85 0.9510665041 0.308986253628336 0.85 0.987694028350545 0.156398549739672 0.85 1 -4.04032050922917e-05 0.85 0.987681387120532 -0.156478361237783 0.85 0.951041532844938 -0.30906310488952 0.85 0.890982677486671 -0.454037298488442 0.85 0.808983745309376 -0.587831012983505 0.85 0.707063925817527 -0.707149633958405 0.85 0.587732952057045 -0.809054990137451 0.85 0.453929299485815 -0.891037704627766 0.85 0.30894782724112 -0.951078987278654 0.85 0.156358643607622 -0.987700346547061 0.85 -8.08064101186284e-05 -1 0.85 -0.156518266603714 -0.987675064087055 0.85 -0.309101529763363 -0.951029044928676 0.85 -0.454073296673705 -0.890964332197352 0.85 -0.58786369803989 -0.808959994392099 0.85 -0.7071782010 -0.707035354128723 0.85 -0.809078735772094 -0.587700263162635 0.85 -0.891056044099077 -0.453893298336188 0.85 -0.951091468984802 -0.308909400349572 0.85 -0.987706663131236 -0.156318737220331 0.85 -1 0 0.85 -0.987668739441279 0.156558171714142 0.85 -0.951016555459935 0.309139954132622 0.85 -0.890945985453606 0.454109294117729 0.85 -0.80893624215426 0.587896382136635 0.85 -0.70 0.707206766947246 0.85 -0.587667573308851 0.809102480085982 0.85 -0.453857296445618 0.891074382115811 0.85 -0.308870972953754 0.951103949138369 0.85 -0.156278830577859 0.98771297810306 0.85 0 1 0.85
      0 1 0.9 0.156438455616414 0.987687708541699 0.9 0.309024679511157 0.951054019208702 0.9 0.454001299562 0.891001021321533 0.9 0.587798326967534 0.80 0.9 0.707121065732415 0.707092496352107 0.9 0.809031243182091 0.587765639992029 0.9 0.891019363701908 0.453965299894438 0.9 0.9510665041 0.308986253628336 0.9 0.987694028350545 0.156398549739672 0.9 1 -4.04032050922917e-05 0.9 0.987681387120532 -0.156478361237783 0.9 0.951041532844938 -0.30906310488952 0.9 0.890982677486671 -0.454037298488442 0.9 0.808983745309376 -0.587831012983505 0.9 0.707063925817527 -0.707149633958405 0.9 0.587732952057045 -0.809054990137451 0.9 0.453929299485815 -0.891037704627766 0.9 0.30894782724112 -0.951078987278654 0.9 0.156358643607622 -0.987700346547061 0.9 -8.08064101186284e-05 -1 0.9 -0.156518266603714 -0.987675064087055 0.9 -0.309101529763363 -0.951029044928676 0.9 -0.454073296673705 -0.890964332197352 0.9 -0.58786369803989 -0.808959994392099 0.9 -0.7071782010 -0.707035354128723 0.9 -0.809078735772094 -0.587700263162635 0.9 -0.891056044099077 -0.453893298336188 0.9 -0.951091468984802 -0.308909400349572 0.9 -0.987706663131236 -0.156318737220331 0.9 -1 0 0.9 -0.987668739441279 0.156558171714142 0.9 -0.951016555459935 0.309139954132622 0.9 -0.890945985453606 0.454109294117729 0.9 -0.80893624215426 0.587896382136635 0.9 -0.70 0.707206766947246 0.9 -0.587667573308851 0.809102480085982 0.9 -0.453857296445618 0.891074382115811 0.9 -0.308870972953754 0.951103949138369 0.9 -0.156278830577859 0.98771297810306 0.9 0 1 0.9
      0 1 0.95 0.156438455616414 0.987687708541699 0.95 0.309024679511157 0.951054019208702 0.95 0.454001299562 0.891001021321533 0.95 0.587798326967534 0.80 0.95 0.707121065732415 0.707092496352107 0.95 0.809031243182091 0.587765639992029 0.95 0.891019363701908 0.453965299894438 0.95 0.9510665041 0.308986253628336 0.95 0.987694028350545 0.156398549739672 0.95 1 -4.04032050922917e-05 0.95 0.987681387120532 -0.156478361237783 0.95 0.951041532844938 -0.30906310488952 0.95 0.890982677486671 -0.454037298488442 0.95 0.808983745309376 -0.587831012983505 0.95 0.707063925817527 -0.707149633958405 0.95 0.587732952057045 -0.809054990137451 0.95 0.453929299485815 -0.891037704627766 0.95 0.30894782724112 -0.951078987278654 0.95 0.156358643607622 -0.987700346547061 0.95 -8.08064101186284e-05 -1 0.95 -0.156518266603714 -0.987675064087055 0.95 -0.309101529763363 -0.951029044928676 0.95 -0.454073296673705 -0.890964332197352 0.95 -0.58786369803989 -0.808959994392099 0.95 -0.7071782010 -0.707035354128723 0.95 -0.809078735772094 -0.587700263162635 0.95 -0.891056044099077 -0.453893298336188 0.95 -0.951091468984802 -0.308909400349572 0.95 -0.987706663131236 -0.156318737220331 0.95 -1 0 0.95 -0.987668739441279 0.156558171714142 0.95 -0.951016555459935 0.309139954132622 0.95 -0.890945985453606 0.454109294117729 0.95 -0.80893624215426 0.587896382136635 0.95 -0.70 0.707206766947246 0.95 -0.587667573308851 0.809102480085982 0.95 -0.453857296445618 0.891074382115811 0.95 -0.308870972953754 0.951103949138369 0.95 -0.156278830577859 0.98771297810306 0.95 0 1 0.95
      0 1 1 0.156438455616414 0.987687708541699 1 0.309024679511157 0.951054019208702 1 0.454001299562 0.891001021321533 1 0.587798326967534 0.80 1 0.707121065732415 0.707092496352107 1 0.809031243182091 0.587765639992029 1 0.891019363701908 0.453965299894438 1 0.9510665041 0.308986253628336 1 0.987694028350545 0.156398549739672 1 1 -4.04032050922917e-05 1 0.987681387120532 -0.156478361237783 1 0.951041532844938 -0.30906310488952 1 0.890982677486671 -0.454037298488442 1 0.808983745309376 -0.587831012983505 1 0.707063925817527 -0.707149633958405 1 0.587732952057045 -0.809054990137451 1 0.453929299485815 -0.891037704627766 1 0.30894782724112 -0.951078987278654 1 0.156358643607622 -0.987700346547061 1 -8.08064101186284e-05 -1 1 -0.156518266603714 -0.987675064087055 1 -0.309101529763363 -0.951029044928676 1 -0.454073296673705 -0.890964332197352 1 -0.58786369803989 -0.808959994392099 1 -0.7071782010 -0.707035354128723 1 -0.809078735772094 -0.587700263162635 1 -0.891056044099077 -0.453893298336188 1 -0.951091468984802 -0.308909400349572 1 -0.987706663131236 -0.156318737220331 1 -1 0 1 -0.987668739441279 0.156558171714142 1 -0.951016555459935 0.309139954132622 1 -0.890945985453606 0.454109294117729 1 -0.80893624215426 0.587896382136635 1 -0.70 0.707206766947246 1 -0.587667573308851 0.809102480085982 1 -0.453857296445618 0.891074382115811 1 -0.308870972953754 0.951103949138369 1 -0.156278830577859 0.98771297810306 1 0 1 1
  }
}
